2023-04-20 11:55:07.752380 DEBUG BF_SWITCHD bf_switchd: system services initialized
2023-04-20 11:55:07.752505 DEBUG BF_SWITCHD bf_switchd: loading conf_file /home/cirlab/bf-sde-9.11.2/install/share/p4/targets/tofino/ascon_64.conf...
2023-04-20 11:55:07.752564 DEBUG BF_SWITCHD bf_switchd: processing device configuration...
2023-04-20 11:55:07.752664 DEBUG BF_SWITCHD Configuration for dev_id 0
2023-04-20 11:55:07.752694 DEBUG BF_SWITCHD   Family        : tofino
2023-04-20 11:55:07.752720 DEBUG BF_SWITCHD   pci_sysfs_str : /sys/devices/pci0000:00/0000:00:03.0/0000:05:00.0
2023-04-20 11:55:07.752745 DEBUG BF_SWITCHD   pci_int_mode  : 0
2023-04-20 11:55:07.752770 DEBUG BF_SWITCHD   sds_fw_path   : share/tofino_sds_fw/avago/firmware
2023-04-20 11:55:07.752795 DEBUG BF_SWITCHD bf_switchd: processing P4 configuration...
2023-04-20 11:55:07.752939 DEBUG BF_SWITCHD P4 profile for dev_id 0
2023-04-20 11:55:07.752971 DEBUG BF_SWITCHD num P4 programs 1
2023-04-20 11:55:07.753007 DEBUG BF_SWITCHD   p4_name: ascon_64
2023-04-20 11:55:07.753034 DEBUG BF_SWITCHD   p4_pipeline_name: pipe
2023-04-20 11:55:07.753083 DEBUG BF_SWITCHD     libpd: 
2023-04-20 11:55:07.753109 DEBUG BF_SWITCHD     libpdthrift: 
2023-04-20 11:55:07.753134 DEBUG BF_SWITCHD     context: /home/cirlab/bf-sde-9.11.2/install/share/tofinopd/ascon_64/pipe/context.json
2023-04-20 11:55:07.753179 DEBUG BF_SWITCHD     config: /home/cirlab/bf-sde-9.11.2/install/share/tofinopd/ascon_64/pipe/tofino.bin
2023-04-20 11:55:07.753205 DEBUG BF_SWITCHD   Pipes in scope [
2023-04-20 11:55:07.753242 DEBUG BF_SWITCHD 0 
2023-04-20 11:55:07.753294 DEBUG BF_SWITCHD 1 
2023-04-20 11:55:07.753324 DEBUG BF_SWITCHD 2 
2023-04-20 11:55:07.753348 DEBUG BF_SWITCHD 3 
2023-04-20 11:55:07.753372 DEBUG BF_SWITCHD ]
2023-04-20 11:55:07.753405 DEBUG BF_SWITCHD   diag: 
2023-04-20 11:55:07.753448 DEBUG BF_SWITCHD   accton diag: 
2023-04-20 11:55:07.753489 DEBUG BF_SWITCHD   Agent[0]: /home/cirlab/bf-sde-9.11.2/install/lib/libpltfm_mgr.so
2023-04-20 11:55:07.773426 DEBUG BF_SWITCHD bf_switchd: library /home/cirlab/bf-sde-9.11.2/install/lib/libpltfm_mgr.so loaded
2023-04-20 11:55:07.774736 DEBUG BF_SWITCHD bf_switchd: agent[0] initialized
2023-04-20 11:55:07.774805 DEBUG BF_PLTFM Platform-mgr started 

2023-04-20 11:55:07.775356 DEBUG BF_PLTFM cdc_ethernet port is enx020000000002

2023-04-20 11:55:08.476956 DEBUG BF_PLTFM EEPROM DATA FROM BMC 
 {
	"Information":	{
		"Location on Fabric":	"Montara",
		"Product Sub-Version":	"3",
		"Facebook PCB Part Number":	"035-000003-02",
		"CRC8":	"0xd1",
		"System Assembly Part Number":	"015-000003-02",
		"Product Serial Number":	"AH49038267",
		"System Manufacturing Date":	"12-13-17",
		"Local MAC":	"A8:2B:B5:EE:6E:08",
		"Assembled At":	"Joytech",
		"ODM PCBA Serial Number":	"AH49037286",
		"Product Asset Tag":	"000000001",
		"Product Name":	"Montara",
		"ODM PCBA Part Number":	"NP3ZZ7632023A",
		"Product Production State":	"1",
		"Product Part Number":	"20-000003",
		"PCB Manufacturer":	"ISU",
		"System Manufacturer":	"Joytech",
		"Extended MAC Address Size":	"140",
		"Facebook PCBA Part Number":	"025-000003-02",
		"Version":	"1",
		"Extended MAC Base":	"A8:2B:B5:EE:6E:00",
		"Product Version":	"1"
	},
	"Resources":	[],
	"Actions":	[]
}
2023-04-20 11:55:08.477035 DEBUG BF_PLTFM Assembled at: Joytech 

2023-04-20 11:55:08.477062 DEBUG BF_PLTFM CRC8: 209 

2023-04-20 11:55:08.477083 DEBUG BF_PLTFM Extended MAC Address Size: 140 

2023-04-20 11:55:08.477104 DEBUG BF_PLTFM Extended MAC Base a8:2b:b5:ee:6e:0

2023-04-20 11:55:08.477125 DEBUG BF_PLTFM BFN PCB Part Number 035-000003-02 

2023-04-20 11:55:08.477144 DEBUG BF_PLTFM BFN PCBA Part Number 025-000003-02 

2023-04-20 11:55:08.477164 DEBUG BF_PLTFM Local MAC a8:2b:b5:ee:6e:8

2023-04-20 11:55:08.477184 DEBUG BF_PLTFM Location on Fabric: Montara

2023-04-20 11:55:08.477203 DEBUG BF_PLTFM ODM PCBA Part Number NP3ZZ7632023A 

2023-04-20 11:55:08.477222 DEBUG BF_PLTFM ODM PCBA Serial Number AH49037286 

2023-04-20 11:55:08.477242 DEBUG BF_PLTFM PCB Manufacturer: ISU

2023-04-20 11:55:08.477261 DEBUG BF_PLTFM Product Asset Tag: 000000001

2023-04-20 11:55:08.477302 DEBUG BF_PLTFM Product Name: Montara 

2023-04-20 11:55:08.477322 DEBUG BF_PLTFM Product Number: 20-000003 

2023-04-20 11:55:08.477342 DEBUG BF_PLTFM Product Production State: 1 

2023-04-20 11:55:08.477361 DEBUG BF_PLTFM Product Serial Number: AH49038267 

2023-04-20 11:55:08.477380 DEBUG BF_PLTFM Product Sub-Version: 3 

2023-04-20 11:55:08.477399 DEBUG BF_PLTFM Product Version: 1 

2023-04-20 11:55:08.477421 DEBUG BF_PLTFM EEPROM SUCCESS: Board type : 006234

2023-04-20 11:55:08.477443 DEBUG BF_PLTFM System Assembly Part Number: 015-000003-02 

2023-04-20 11:55:08.477462 DEBUG BF_PLTFM System Manufacturer: Joytech 

2023-04-20 11:55:08.477481 DEBUG BF_PLTFM System Manufacturing Date: 12-13-17 

2023-04-20 11:55:08.477500 DEBUG BF_PLTFM Version: 1 

2023-04-20 11:55:08.487218 DEBUG BF_PLTFM USB Initialized at bf_pltfm_cp2112_open:930

2023-04-20 11:55:08.487297 DEBUG BF_PLTFM No Devices found are 8

2023-04-20 11:55:08.487329 DEBUG BF_PLTFM USB devices found at bf_pltfm_cp2112_open:943

2023-04-20 11:55:08.487387 DEBUG BF_PLTFM USB handle found at bf_pltfm_cp2112_open:958

2023-04-20 11:55:08.487408 DEBUG BF_PLTFM The USB dev is 0x55e2e1fed680

2023-04-20 11:55:08.487427 DEBUG BF_PLTFM The USB dev handle is 0x55e2e22ae000

2023-04-20 11:55:08.487450 DEBUG BF_PLTFM Kernel driver auto detach set at bf_pltfm_cp2112_open:980

2023-04-20 11:55:08.487518 DEBUG BF_PLTFM Interface Claimed at bf_pltfm_cp2112_open:992

2023-04-20 11:55:08.487784 DEBUG BF_PLTFM Sm bus initialized bf_pltfm_cp2112_open:1005

2023-04-20 11:55:08.540029 DEBUG BF_PLTFM Error waiting for interrupt response with error code Operation timed out at usb_intr_transfer_in;351

2023-04-20 11:55:08.540089 DEBUG BF_PLTFM Number of bytes transferred are 0

2023-04-20 11:55:08.540110 DEBUG BF_PLTFM Ongoing transfers flushed at bf_pltfm_cp2112_open:1010

2023-04-20 11:55:08.543254 DEBUG BF_PLTFM Outstanding transfers cancelled bf_pltfm_cp2112_open:1015

2023-04-20 11:55:08.543313 DEBUG BF_PLTFM Upper and Lower Devices Differentiated bf_pltfm_cp2112_open:1026

2023-04-20 11:55:08.702433 DEBUG BF_PLTFM pltfm_mgr: health monitor initialized

2023-04-20 11:55:08.702987 DEBUG BF_PLTFM num of QSFP ports=32
2023-04-20 11:55:08.703026 DEBUG BF_PLTFM QSFP: Assert RESETL on all QSFPs
2023-04-20 11:55:08.703052 DEBUG BF_PLTFM QSFP     1 : RESETL = true
2023-04-20 11:55:08.703076 DEBUG BF_PLTFM QSFP     1 : True
2023-04-20 11:55:08.712260 DEBUG BF_PLTFM QSFP     2 : RESETL = true
2023-04-20 11:55:08.712319 DEBUG BF_PLTFM QSFP     2 : True
2023-04-20 11:55:08.721260 DEBUG BF_PLTFM QSFP     3 : RESETL = true
2023-04-20 11:55:08.721319 DEBUG BF_PLTFM QSFP     3 : True
2023-04-20 11:55:08.730259 DEBUG BF_PLTFM QSFP     4 : RESETL = true
2023-04-20 11:55:08.730318 DEBUG BF_PLTFM QSFP     4 : True
2023-04-20 11:55:08.739260 DEBUG BF_PLTFM QSFP     5 : RESETL = true
2023-04-20 11:55:08.739319 DEBUG BF_PLTFM QSFP     5 : True
2023-04-20 11:55:08.748222 DEBUG BF_PLTFM QSFP     6 : RESETL = true
2023-04-20 11:55:08.748281 DEBUG BF_PLTFM QSFP     6 : True
2023-04-20 11:55:08.757258 DEBUG BF_PLTFM QSFP     7 : RESETL = true
2023-04-20 11:55:08.757317 DEBUG BF_PLTFM QSFP     7 : True
2023-04-20 11:55:08.766261 DEBUG BF_PLTFM QSFP     8 : RESETL = true
2023-04-20 11:55:08.766321 DEBUG BF_PLTFM QSFP     8 : True
2023-04-20 11:55:08.775260 DEBUG BF_PLTFM QSFP     9 : RESETL = true
2023-04-20 11:55:08.775319 DEBUG BF_PLTFM QSFP     9 : True
2023-04-20 11:55:08.784260 DEBUG BF_PLTFM QSFP    10 : RESETL = true
2023-04-20 11:55:08.784319 DEBUG BF_PLTFM QSFP    10 : True
2023-04-20 11:55:08.793262 DEBUG BF_PLTFM QSFP    11 : RESETL = true
2023-04-20 11:55:08.793321 DEBUG BF_PLTFM QSFP    11 : True
2023-04-20 11:55:08.802258 DEBUG BF_PLTFM QSFP    12 : RESETL = true
2023-04-20 11:55:08.802317 DEBUG BF_PLTFM QSFP    12 : True
2023-04-20 11:55:08.811261 DEBUG BF_PLTFM QSFP    13 : RESETL = true
2023-04-20 11:55:08.811319 DEBUG BF_PLTFM QSFP    13 : True
2023-04-20 11:55:08.820223 DEBUG BF_PLTFM QSFP    14 : RESETL = true
2023-04-20 11:55:08.820282 DEBUG BF_PLTFM QSFP    14 : True
2023-04-20 11:55:08.829260 DEBUG BF_PLTFM QSFP    15 : RESETL = true
2023-04-20 11:55:08.829319 DEBUG BF_PLTFM QSFP    15 : True
2023-04-20 11:55:08.838261 DEBUG BF_PLTFM QSFP    16 : RESETL = true
2023-04-20 11:55:08.838320 DEBUG BF_PLTFM QSFP    16 : True
2023-04-20 11:55:08.847262 DEBUG BF_PLTFM QSFP    17 : RESETL = true
2023-04-20 11:55:08.847321 DEBUG BF_PLTFM QSFP    17 : True
2023-04-20 11:55:08.856261 DEBUG BF_PLTFM QSFP    18 : RESETL = true
2023-04-20 11:55:08.856319 DEBUG BF_PLTFM QSFP    18 : True
2023-04-20 11:55:08.865260 DEBUG BF_PLTFM QSFP    19 : RESETL = true
2023-04-20 11:55:08.865319 DEBUG BF_PLTFM QSFP    19 : True
2023-04-20 11:55:08.874261 DEBUG BF_PLTFM QSFP    20 : RESETL = true
2023-04-20 11:55:08.874320 DEBUG BF_PLTFM QSFP    20 : True
2023-04-20 11:55:08.883263 DEBUG BF_PLTFM QSFP    21 : RESETL = true
2023-04-20 11:55:08.883322 DEBUG BF_PLTFM QSFP    21 : True
2023-04-20 11:55:08.892261 DEBUG BF_PLTFM QSFP    22 : RESETL = true
2023-04-20 11:55:08.892320 DEBUG BF_PLTFM QSFP    22 : True
2023-04-20 11:55:08.901261 DEBUG BF_PLTFM QSFP    23 : RESETL = true
2023-04-20 11:55:08.901320 DEBUG BF_PLTFM QSFP    23 : True
2023-04-20 11:55:08.910260 DEBUG BF_PLTFM QSFP    24 : RESETL = true
2023-04-20 11:55:08.910319 DEBUG BF_PLTFM QSFP    24 : True
2023-04-20 11:55:08.919262 DEBUG BF_PLTFM QSFP    25 : RESETL = true
2023-04-20 11:55:08.919321 DEBUG BF_PLTFM QSFP    25 : True
2023-04-20 11:55:08.928261 DEBUG BF_PLTFM QSFP    26 : RESETL = true
2023-04-20 11:55:08.928320 DEBUG BF_PLTFM QSFP    26 : True
2023-04-20 11:55:08.937264 DEBUG BF_PLTFM QSFP    27 : RESETL = true
2023-04-20 11:55:08.937323 DEBUG BF_PLTFM QSFP    27 : True
2023-04-20 11:55:08.946264 DEBUG BF_PLTFM QSFP    28 : RESETL = true
2023-04-20 11:55:08.946322 DEBUG BF_PLTFM QSFP    28 : True
2023-04-20 11:55:08.955264 DEBUG BF_PLTFM QSFP    29 : RESETL = true
2023-04-20 11:55:08.955322 DEBUG BF_PLTFM QSFP    29 : True
2023-04-20 11:55:08.964224 DEBUG BF_PLTFM QSFP    30 : RESETL = true
2023-04-20 11:55:08.964283 DEBUG BF_PLTFM QSFP    30 : True
2023-04-20 11:55:08.973262 DEBUG BF_PLTFM QSFP    31 : RESETL = true
2023-04-20 11:55:08.973320 DEBUG BF_PLTFM QSFP    31 : True
2023-04-20 11:55:08.982263 DEBUG BF_PLTFM QSFP    32 : RESETL = true
2023-04-20 11:55:08.982322 DEBUG BF_PLTFM QSFP    32 : True
2023-04-20 11:55:08.992354 DEBUG BF_PLTFM QSFP: Assert LPMODE and De-assert RESETL on all QSFPs
2023-04-20 11:55:08.992444 DEBUG BF_PLTFM QSFP     1 : LPMODE = true
2023-04-20 11:55:09.013267 DEBUG BF_PLTFM QSFP     1 : RESETL = false
2023-04-20 11:55:09.013334 DEBUG BF_PLTFM QSFP     1 : False
2023-04-20 11:55:09.022263 DEBUG BF_PLTFM QSFP     2 : LPMODE = true
2023-04-20 11:55:09.043265 DEBUG BF_PLTFM QSFP     2 : RESETL = false
2023-04-20 11:55:09.043324 DEBUG BF_PLTFM QSFP     2 : False
2023-04-20 11:55:09.052262 DEBUG BF_PLTFM QSFP     3 : LPMODE = true
2023-04-20 11:55:09.073262 DEBUG BF_PLTFM QSFP     3 : RESETL = false
2023-04-20 11:55:09.073321 DEBUG BF_PLTFM QSFP     3 : False
2023-04-20 11:55:09.082261 DEBUG BF_PLTFM QSFP     4 : LPMODE = true
2023-04-20 11:55:09.103261 DEBUG BF_PLTFM QSFP     4 : RESETL = false
2023-04-20 11:55:09.103319 DEBUG BF_PLTFM QSFP     4 : False
2023-04-20 11:55:09.112263 DEBUG BF_PLTFM QSFP     5 : LPMODE = true
2023-04-20 11:55:09.133263 DEBUG BF_PLTFM QSFP     5 : RESETL = false
2023-04-20 11:55:09.133321 DEBUG BF_PLTFM QSFP     5 : False
2023-04-20 11:55:09.142263 DEBUG BF_PLTFM QSFP     6 : LPMODE = true
2023-04-20 11:55:09.163265 DEBUG BF_PLTFM QSFP     6 : RESETL = false
2023-04-20 11:55:09.163324 DEBUG BF_PLTFM QSFP     6 : False
2023-04-20 11:55:09.172265 DEBUG BF_PLTFM QSFP     7 : LPMODE = true
2023-04-20 11:55:09.193262 DEBUG BF_PLTFM QSFP     7 : RESETL = false
2023-04-20 11:55:09.193321 DEBUG BF_PLTFM QSFP     7 : False
2023-04-20 11:55:09.202264 DEBUG BF_PLTFM QSFP     8 : LPMODE = true
2023-04-20 11:55:09.223267 DEBUG BF_PLTFM QSFP     8 : RESETL = false
2023-04-20 11:55:09.223326 DEBUG BF_PLTFM QSFP     8 : False
2023-04-20 11:55:09.232262 DEBUG BF_PLTFM QSFP     9 : LPMODE = true
2023-04-20 11:55:09.253264 DEBUG BF_PLTFM QSFP     9 : RESETL = false
2023-04-20 11:55:09.253323 DEBUG BF_PLTFM QSFP     9 : False
2023-04-20 11:55:09.262264 DEBUG BF_PLTFM QSFP    10 : LPMODE = true
2023-04-20 11:55:09.283268 DEBUG BF_PLTFM QSFP    10 : RESETL = false
2023-04-20 11:55:09.283326 DEBUG BF_PLTFM QSFP    10 : False
2023-04-20 11:55:09.292267 DEBUG BF_PLTFM QSFP    11 : LPMODE = true
2023-04-20 11:55:09.313266 DEBUG BF_PLTFM QSFP    11 : RESETL = false
2023-04-20 11:55:09.313324 DEBUG BF_PLTFM QSFP    11 : False
2023-04-20 11:55:09.322266 DEBUG BF_PLTFM QSFP    12 : LPMODE = true
2023-04-20 11:55:09.343268 DEBUG BF_PLTFM QSFP    12 : RESETL = false
2023-04-20 11:55:09.343326 DEBUG BF_PLTFM QSFP    12 : False
2023-04-20 11:55:09.352266 DEBUG BF_PLTFM QSFP    13 : LPMODE = true
2023-04-20 11:55:09.373265 DEBUG BF_PLTFM QSFP    13 : RESETL = false
2023-04-20 11:55:09.373323 DEBUG BF_PLTFM QSFP    13 : False
2023-04-20 11:55:09.382267 DEBUG BF_PLTFM QSFP    14 : LPMODE = true
2023-04-20 11:55:09.403269 DEBUG BF_PLTFM QSFP    14 : RESETL = false
2023-04-20 11:55:09.403327 DEBUG BF_PLTFM QSFP    14 : False
2023-04-20 11:55:09.412228 DEBUG BF_PLTFM QSFP    15 : LPMODE = true
2023-04-20 11:55:09.433267 DEBUG BF_PLTFM QSFP    15 : RESETL = false
2023-04-20 11:55:09.433326 DEBUG BF_PLTFM QSFP    15 : False
2023-04-20 11:55:09.442267 DEBUG BF_PLTFM QSFP    16 : LPMODE = true
2023-04-20 11:55:09.463269 DEBUG BF_PLTFM QSFP    16 : RESETL = false
2023-04-20 11:55:09.463327 DEBUG BF_PLTFM QSFP    16 : False
2023-04-20 11:55:09.472269 DEBUG BF_PLTFM QSFP    17 : LPMODE = true
2023-04-20 11:55:09.493266 DEBUG BF_PLTFM QSFP    17 : RESETL = false
2023-04-20 11:55:09.493325 DEBUG BF_PLTFM QSFP    17 : False
2023-04-20 11:55:09.502267 DEBUG BF_PLTFM QSFP    18 : LPMODE = true
2023-04-20 11:55:09.523269 DEBUG BF_PLTFM QSFP    18 : RESETL = false
2023-04-20 11:55:09.523327 DEBUG BF_PLTFM QSFP    18 : False
2023-04-20 11:55:09.532269 DEBUG BF_PLTFM QSFP    19 : LPMODE = true
2023-04-20 11:55:09.553266 DEBUG BF_PLTFM QSFP    19 : RESETL = false
2023-04-20 11:55:09.553325 DEBUG BF_PLTFM QSFP    19 : False
2023-04-20 11:55:09.562268 DEBUG BF_PLTFM QSFP    20 : LPMODE = true
2023-04-20 11:55:09.583266 DEBUG BF_PLTFM QSFP    20 : RESETL = false
2023-04-20 11:55:09.583325 DEBUG BF_PLTFM QSFP    20 : False
2023-04-20 11:55:09.592268 DEBUG BF_PLTFM QSFP    21 : LPMODE = true
2023-04-20 11:55:09.613268 DEBUG BF_PLTFM QSFP    21 : RESETL = false
2023-04-20 11:55:09.613327 DEBUG BF_PLTFM QSFP    21 : False
2023-04-20 11:55:09.622268 DEBUG BF_PLTFM QSFP    22 : LPMODE = true
2023-04-20 11:55:09.643269 DEBUG BF_PLTFM QSFP    22 : RESETL = false
2023-04-20 11:55:09.643327 DEBUG BF_PLTFM QSFP    22 : False
2023-04-20 11:55:09.652230 DEBUG BF_PLTFM QSFP    23 : LPMODE = true
2023-04-20 11:55:09.673272 DEBUG BF_PLTFM QSFP    23 : RESETL = false
2023-04-20 11:55:09.673330 DEBUG BF_PLTFM QSFP    23 : False
2023-04-20 11:55:09.682269 DEBUG BF_PLTFM QSFP    24 : LPMODE = true
2023-04-20 11:55:09.703271 DEBUG BF_PLTFM QSFP    24 : RESETL = false
2023-04-20 11:55:09.703329 DEBUG BF_PLTFM QSFP    24 : False
2023-04-20 11:55:09.712232 DEBUG BF_PLTFM QSFP    25 : LPMODE = true
2023-04-20 11:55:09.733268 DEBUG BF_PLTFM QSFP    25 : RESETL = false
2023-04-20 11:55:09.733326 DEBUG BF_PLTFM QSFP    25 : False
2023-04-20 11:55:09.742271 DEBUG BF_PLTFM QSFP    26 : LPMODE = true
2023-04-20 11:55:09.763272 DEBUG BF_PLTFM QSFP    26 : RESETL = false
2023-04-20 11:55:09.763330 DEBUG BF_PLTFM QSFP    26 : False
2023-04-20 11:55:09.772269 DEBUG BF_PLTFM QSFP    27 : LPMODE = true
2023-04-20 11:55:09.793269 DEBUG BF_PLTFM QSFP    27 : RESETL = false
2023-04-20 11:55:09.793328 DEBUG BF_PLTFM QSFP    27 : False
2023-04-20 11:55:09.802271 DEBUG BF_PLTFM QSFP    28 : LPMODE = true
2023-04-20 11:55:09.823272 DEBUG BF_PLTFM QSFP    28 : RESETL = false
2023-04-20 11:55:09.823330 DEBUG BF_PLTFM QSFP    28 : False
2023-04-20 11:55:09.832270 DEBUG BF_PLTFM QSFP    29 : LPMODE = true
2023-04-20 11:55:09.853270 DEBUG BF_PLTFM QSFP    29 : RESETL = false
2023-04-20 11:55:09.853329 DEBUG BF_PLTFM QSFP    29 : False
2023-04-20 11:55:09.862272 DEBUG BF_PLTFM QSFP    30 : LPMODE = true
2023-04-20 11:55:09.883270 DEBUG BF_PLTFM QSFP    30 : RESETL = false
2023-04-20 11:55:09.883329 DEBUG BF_PLTFM QSFP    30 : False
2023-04-20 11:55:09.892273 DEBUG BF_PLTFM QSFP    31 : LPMODE = true
2023-04-20 11:55:09.913271 DEBUG BF_PLTFM QSFP    31 : RESETL = false
2023-04-20 11:55:09.913329 DEBUG BF_PLTFM QSFP    31 : False
2023-04-20 11:55:09.922272 DEBUG BF_PLTFM QSFP    32 : LPMODE = true
2023-04-20 11:55:09.943273 DEBUG BF_PLTFM QSFP    32 : RESETL = false
2023-04-20 11:55:09.943331 DEBUG BF_PLTFM QSFP    32 : False
2023-04-20 11:55:09.952269 DEBUG BF_PLTFM QSFP: Wait 2 sec (t_reset) for QSFPs to initialize..
2023-04-20 11:55:11.952650 DEBUG BF_SWITCHD Device 0: Operational mode set to ASIC
2023-04-20 11:55:11.952752 DEBUG BF_SWITCHD Initialized the device types using platforms infra API
2023-04-20 11:55:11.952797 DEBUG BF_SWITCHD ASIC detected at PCI /sys/class/bf/bf0/device
2023-04-20 11:55:11.952894 DEBUG BF_SWITCHD ASIC pci device id is 16 (0x0010)
2023-04-20 11:55:11.952966 DEBUG BF_DVM BF-SDE vesion: 9.11.2
2023-04-20 11:55:11.968578 INFO  BF_PM pm_fsm_queues_init:256 pm_fsm_queues_init:256 Initializing all FSM queues
2023-04-20 11:55:11.968675 INFO  BF_PM pm_fsm_queues_init:262 pm_fsm_queues_init:262 Initializing all FSM queues done
2023-04-20 11:55:11.968824 INFO  BF_TM TM: Registered for device and port discovery
2023-04-20 11:55:11.971223 DEBUG BF_SWITCHD bf_switchd: drivers initialized
2023-04-20 11:55:11.996885 INFO  BF_DVM bf_pktmgr_device_add dev id 0, is_sw_model 0
2023-04-20 11:55:11.997375 DEBUG BF_LLD  Efuse settings dev 0 subdev 0
2023-04-20 11:55:11.997392 DEBUG BF_LLD                0 : resubmit_disable
2023-04-20 11:55:11.997405 DEBUG BF_LLD                0 : mau_tcam_reduction
2023-04-20 11:55:11.997416 DEBUG BF_LLD                0 : mau_sram_reduction
2023-04-20 11:55:11.997427 DEBUG BF_LLD                0 : packet_generator_disable
2023-04-20 11:55:11.997438 DEBUG BF_LLD                5 : pipe_disable
2023-04-20 11:55:11.997450 DEBUG BF_LLD                0 : mau_stage_disable
2023-04-20 11:55:11.997460 DEBUG BF_LLD 0000000000000000 : port_disable (hi)
2023-04-20 11:55:11.997470 DEBUG BF_LLD 5555555555555555 : port_disable (lo)
2023-04-20 11:55:11.997481 DEBUG BF_LLD 0000000600000000 : tm_memory_disable
2023-04-20 11:55:11.997492 DEBUG BF_LLD                0 : port_speed_reduction
2023-04-20 11:55:11.997502 DEBUG BF_LLD                0 : cpu_port_speed_reduction
2023-04-20 11:55:11.997513 DEBUG BF_LLD                0 : pcie_lane_reduction
2023-04-20 11:55:11.997523 DEBUG BF_LLD                0 : baresync_disable
2023-04-20 11:55:11.997534 DEBUG BF_LLD                0 : frequency_reduction
2023-04-20 11:55:11.997544 DEBUG BF_LLD                0 : frequency_check_disable
2023-04-20 11:55:11.997555 DEBUG BF_LLD                0 : versioning
2023-04-20 11:55:11.997567 DEBUG BF_LLD                8 : chip_part_number
2023-04-20 11:55:11.997578 DEBUG BF_LLD                1 : part_revision_number
2023-04-20 11:55:11.997589 DEBUG BF_LLD                0 : package_id
2023-04-20 11:55:11.997600 DEBUG BF_LLD 303040316ed35b05 : chip_id
2023-04-20 11:55:11.997616 DEBUG BF_LLD              a7c : pmro_and_skew
2023-04-20 11:55:11.997627 DEBUG BF_LLD                1 : voltage_scaling
2023-04-20 11:55:11.997638 DEBUG BF_LLD                0 : die-config
2023-04-20 11:55:11.997649 DEBUG BF_LLD                0 : constant0
2023-04-20 11:55:11.997659 DEBUG BF_LLD                0 : constant1
2023-04-20 11:55:11.997669 DEBUG BF_LLD                0 : serdes disable even
2023-04-20 11:55:11.997680 DEBUG BF_LLD                0 : serdes disable odd
2023-04-20 11:55:11.997694 DEBUG BF_LLD Wafer-id: P6Y740-W1-X6-Y6
2023-04-20 11:55:11.997709 DEBUG BF_LLD dev 0 subdev 0: SPI idcode: 20171102 (rc=0)
2023-04-20 11:55:11.997726 DEBUG BF_LLD TCU: 0 : Memory repair already done <bfdddddd>
2023-04-20 11:55:11.998082 DEBUG BF_LLD EFUSE: Set core clk to 1.22GHz, dev=0, PLL ctrl0 value=0xcd44cbfe
2023-04-20 11:55:12.107828 DEBUG BF_LLD Core PLL has not locked even after 100 ms; PLL Lock chip 0 dbg_rst 1dc
2023-04-20 11:55:12.107887 DEBUG BF_LLD [Unreset] Done after 1 polls
2023-04-20 11:55:12.128028 INFO  BF_DVM bf_device_add dev id 0, is_sw_model 0
2023-04-20 11:55:12.128090 DEBUG BF_PORT port_mgr_dev_add:57:0:0(warm_init_mode)
2023-04-20 11:55:12.128115 DEBUG BF_PORT port_mgr_tof1_dev_add:75:0
2023-04-20 11:55:12.128139 INFO  BF_PORT set chip part revision number, dev 0, part rev 1
2023-04-20 11:55:12.128187 DEBUG BF_PORT 0:-:-: sbus master fw: 101d_2001
2023-04-20 11:55:12.128200 DEBUG BF_PORT 0:-:-: PCIe serdes fw: 1066_2147
2023-04-20 11:55:12.128210 DEBUG BF_PORT 0:-:-:      serdes fw: 1091_244d
2023-04-20 11:55:12.128232 INFO  BF_PORT port_mgr_mac_block_init: core clock speed in ns = 0.819672
2023-04-20 11:55:12.131258 DEBUG BF_PORT SDS: SBMs disabled. No FW upload
2023-04-20 11:55:12.131381 DEBUG BF_PORT SDS: SBus CLK divider set to 5 (x32 mode)
2023-04-20 11:55:12.131398 DEBUG BF_PORT SDS: 0:0:3: Set ignore bcast
2023-04-20 11:55:12.131418 DEBUG BF_PORT 0:0:3 : PCIe access : addr=3h : reg=fdh : cmd=Read
2023-04-20 11:55:12.131485 DEBUG BF_PORT 0:0:3 : PCIe access : addr=3h : reg=fdh : cmd=write
2023-04-20 11:55:12.131546 DEBUG BF_PORT SDS: 0:0:5: Set ignore bcast
2023-04-20 11:55:12.131557 DEBUG BF_PORT 0:0:5 : PCIe access : addr=5h : reg=fdh : cmd=Read
2023-04-20 11:55:12.131622 DEBUG BF_PORT 0:0:5 : PCIe access : addr=5h : reg=fdh : cmd=write
2023-04-20 11:55:12.131683 DEBUG BF_PORT SDS: 0:0:7: Set ignore bcast
2023-04-20 11:55:12.131698 DEBUG BF_PORT 0:0:7 : PCIe access : addr=7h : reg=fdh : cmd=Read
2023-04-20 11:55:12.131764 DEBUG BF_PORT 0:0:7 : PCIe access : addr=7h : reg=fdh : cmd=write
2023-04-20 11:55:12.131824 DEBUG BF_PORT SDS: 0:0:9: Set ignore bcast
2023-04-20 11:55:12.131835 DEBUG BF_PORT 0:0:9 : PCIe access : addr=9h : reg=fdh : cmd=Read
2023-04-20 11:55:12.131900 DEBUG BF_PORT 0:0:9 : PCIe access : addr=9h : reg=fdh : cmd=write
2023-04-20 11:55:12.138921 DEBUG BF_PORT SDS: 0:0:255: FW load: broadcast
2023-04-20 11:55:12.138936 DEBUG BF_PORT SDS:         : FW path: /home/cirlab/bf-sde-9.11.2/install/share/tofino_sds_fw/avago/firmware/serdes.0x1091_244D.rom
2023-04-20 11:55:12.138946 DEBUG BF_PORT SDS:         : FW ver : 1091
2023-04-20 11:55:12.141175 DEBUG BF_PORT 0:0:1 : PCIe access : addr=1h : reg=ffh : cmd=Read
2023-04-20 11:55:12.141249 DEBUG BF_PORT 0:0:2 : PCIe access : addr=2h : reg=ffh : cmd=Read
2023-04-20 11:55:12.141314 DEBUG BF_PORT 0:0:3 : PCIe access : addr=3h : reg=ffh : cmd=Read
2023-04-20 11:55:12.141384 DEBUG BF_PORT 0:0:3 : Errant PCIe access : addr=3h : reg=0h : cmd=Read
2023-04-20 11:55:12.141397 DEBUG BF_PORT 0:0:3 : Errant PCIe access : addr=3h : reg=1h : cmd=write
2023-04-20 11:55:12.141409 DEBUG BF_PORT 0:0:3 : PCIe access : addr=3h : reg=fdh : cmd=Read
2023-04-20 11:55:12.141475 DEBUG BF_PORT 0:0:4 : PCIe access : addr=4h : reg=ffh : cmd=Read
2023-04-20 11:55:12.141541 DEBUG BF_PORT 0:0:5 : PCIe access : addr=5h : reg=ffh : cmd=Read
2023-04-20 11:55:12.141607 DEBUG BF_PORT 0:0:5 : Errant PCIe access : addr=5h : reg=0h : cmd=Read
2023-04-20 11:55:12.141618 DEBUG BF_PORT 0:0:5 : Errant PCIe access : addr=5h : reg=1h : cmd=write
2023-04-20 11:55:12.141629 DEBUG BF_PORT 0:0:5 : PCIe access : addr=5h : reg=fdh : cmd=Read
2023-04-20 11:55:12.141698 DEBUG BF_PORT 0:0:6 : PCIe access : addr=6h : reg=ffh : cmd=Read
2023-04-20 11:55:12.141764 DEBUG BF_PORT 0:0:7 : PCIe access : addr=7h : reg=ffh : cmd=Read
2023-04-20 11:55:12.141830 DEBUG BF_PORT 0:0:7 : Errant PCIe access : addr=7h : reg=0h : cmd=Read
2023-04-20 11:55:12.141841 DEBUG BF_PORT 0:0:7 : Errant PCIe access : addr=7h : reg=1h : cmd=write
2023-04-20 11:55:12.141852 DEBUG BF_PORT 0:0:7 : PCIe access : addr=7h : reg=fdh : cmd=Read
2023-04-20 11:55:12.141917 DEBUG BF_PORT 0:0:8 : PCIe access : addr=8h : reg=ffh : cmd=Read
2023-04-20 11:55:12.141982 DEBUG BF_PORT 0:0:9 : PCIe access : addr=9h : reg=ffh : cmd=Read
2023-04-20 11:55:12.142050 DEBUG BF_PORT 0:0:9 : Errant PCIe access : addr=9h : reg=0h : cmd=Read
2023-04-20 11:55:12.142083 DEBUG BF_PORT 0:0:9 : Errant PCIe access : addr=9h : reg=1h : cmd=write
2023-04-20 11:55:12.142095 DEBUG BF_PORT 0:0:9 : PCIe access : addr=9h : reg=fdh : cmd=Read
2023-04-20 11:55:12.142161 DEBUG BF_PORT 0:0:10 : PCIe access : addr=ah : reg=ffh : cmd=Read
2023-04-20 11:55:12.644037 DEBUG BF_PORT 0:0:3 : PCIe access : addr=3h : reg=fdh : cmd=Read
2023-04-20 11:55:12.644117 DEBUG BF_PORT 0:0:5 : PCIe access : addr=5h : reg=fdh : cmd=Read
2023-04-20 11:55:12.645317 DEBUG BF_PORT 0:0:7 : PCIe access : addr=7h : reg=fdh : cmd=Read
2023-04-20 11:55:12.645385 DEBUG BF_PORT 0:0:9 : PCIe access : addr=9h : reg=fdh : cmd=Read
2023-04-20 11:55:13.145658 DEBUG BF_PORT SDS: 0:1:255: FW load: broadcast
2023-04-20 11:55:13.145681 DEBUG BF_PORT SDS:         : FW path: /home/cirlab/bf-sde-9.11.2/install/share/tofino_sds_fw/avago/firmware/serdes.0x1091_244D.rom
2023-04-20 11:55:13.145689 DEBUG BF_PORT SDS:         : FW ver : 1091
2023-04-20 11:55:16.087633 INFO  BF_MC Allocated RDM addresses 0x200 - 0x303
2023-04-20 11:55:16.087698 INFO  BF_MC Write LAG node at addr 0x200 with id 255 and next node 0x201 0x0000_00000000ff00201c
2023-04-20 11:55:16.087710 INFO  BF_MC Write LAG node at addr 0x201 with id 255 and next node 0x202 0x00ff_00202c00ff00201c
2023-04-20 11:55:16.087718 INFO  BF_MC Write LAG node at addr 0x202 with id 255 and next node 0x203 0x0000_00000000ff00203c
2023-04-20 11:55:16.087727 INFO  BF_MC Write LAG node at addr 0x203 with id 255 and next node 0x204 0x00ff_00204c00ff00203c
2023-04-20 11:55:16.087735 INFO  BF_MC Write LAG node at addr 0x204 with id 255 and next node 0x205 0x0000_00000000ff00205c
2023-04-20 11:55:16.087743 INFO  BF_MC Write LAG node at addr 0x205 with id 255 and next node 0x206 0x00ff_00206c00ff00205c
2023-04-20 11:55:16.087751 INFO  BF_MC Write LAG node at addr 0x206 with id 255 and next node 0x207 0x0000_00000000ff00207c
2023-04-20 11:55:16.087759 INFO  BF_MC Write LAG node at addr 0x207 with id 255 and next node 0x208 0x00ff_00208c00ff00207c
2023-04-20 11:55:16.087767 INFO  BF_MC Write LAG node at addr 0x208 with id 255 and next node 0x209 0x0000_00000000ff00209c
2023-04-20 11:55:16.087775 INFO  BF_MC Write LAG node at addr 0x209 with id 255 and next node 0x20a 0x00ff_0020ac00ff00209c
2023-04-20 11:55:16.087783 INFO  BF_MC Write LAG node at addr 0x20a with id 255 and next node 0x20b 0x0000_00000000ff0020bc
2023-04-20 11:55:16.087791 INFO  BF_MC Write LAG node at addr 0x20b with id 255 and next node 0x20c 0x00ff_0020cc00ff0020bc
2023-04-20 11:55:16.087798 INFO  BF_MC Write LAG node at addr 0x20c with id 255 and next node 0x20d 0x0000_00000000ff0020dc
2023-04-20 11:55:16.087807 INFO  BF_MC Write LAG node at addr 0x20d with id 255 and next node 0x20e 0x00ff_0020ec00ff0020dc
2023-04-20 11:55:16.087815 INFO  BF_MC Write LAG node at addr 0x20e with id 255 and next node 0x20f 0x0000_00000000ff0020fc
2023-04-20 11:55:16.087822 INFO  BF_MC Write LAG node at addr 0x20f with id 255 and next node 0x210 0x00ff_00210c00ff0020fc
2023-04-20 11:55:16.087830 INFO  BF_MC Write LAG node at addr 0x210 with id 255 and next node 0x211 0x0000_00000000ff00211c
2023-04-20 11:55:16.087838 INFO  BF_MC Write LAG node at addr 0x211 with id 255 and next node 0x212 0x00ff_00212c00ff00211c
2023-04-20 11:55:16.087846 INFO  BF_MC Write LAG node at addr 0x212 with id 255 and next node 0x213 0x0000_00000000ff00213c
2023-04-20 11:55:16.087854 INFO  BF_MC Write LAG node at addr 0x213 with id 255 and next node 0x214 0x00ff_00214c00ff00213c
2023-04-20 11:55:16.087862 INFO  BF_MC Write LAG node at addr 0x214 with id 255 and next node 0x215 0x0000_00000000ff00215c
2023-04-20 11:55:16.087870 INFO  BF_MC Write LAG node at addr 0x215 with id 255 and next node 0x216 0x00ff_00216c00ff00215c
2023-04-20 11:55:16.087878 INFO  BF_MC Write LAG node at addr 0x216 with id 255 and next node 0x217 0x0000_00000000ff00217c
2023-04-20 11:55:16.087886 INFO  BF_MC Write LAG node at addr 0x217 with id 255 and next node 0x218 0x00ff_00218c00ff00217c
2023-04-20 11:55:16.087894 INFO  BF_MC Write LAG node at addr 0x218 with id 255 and next node 0x219 0x0000_00000000ff00219c
2023-04-20 11:55:16.087914 INFO  BF_MC Write LAG node at addr 0x219 with id 255 and next node 0x21a 0x00ff_0021ac00ff00219c
2023-04-20 11:55:16.087923 INFO  BF_MC Write LAG node at addr 0x21a with id 255 and next node 0x21b 0x0000_00000000ff0021bc
2023-04-20 11:55:16.087931 INFO  BF_MC Write LAG node at addr 0x21b with id 255 and next node 0x21c 0x00ff_0021cc00ff0021bc
2023-04-20 11:55:16.087939 INFO  BF_MC Write LAG node at addr 0x21c with id 255 and next node 0x21d 0x0000_00000000ff0021dc
2023-04-20 11:55:16.087947 INFO  BF_MC Write LAG node at addr 0x21d with id 255 and next node 0x21e 0x00ff_0021ec00ff0021dc
2023-04-20 11:55:16.087954 INFO  BF_MC Write LAG node at addr 0x21e with id 255 and next node 0x21f 0x0000_00000000ff0021fc
2023-04-20 11:55:16.087962 INFO  BF_MC Write LAG node at addr 0x21f with id 255 and next node 0x220 0x00ff_00220c00ff0021fc
2023-04-20 11:55:16.087971 INFO  BF_MC Write LAG node at addr 0x220 with id 255 and next node 0x221 0x0000_00000000ff00221c
2023-04-20 11:55:16.087979 INFO  BF_MC Write LAG node at addr 0x221 with id 255 and next node 0x222 0x00ff_00222c00ff00221c
2023-04-20 11:55:16.087987 INFO  BF_MC Write LAG node at addr 0x222 with id 255 and next node 0x223 0x0000_00000000ff00223c
2023-04-20 11:55:16.087995 INFO  BF_MC Write LAG node at addr 0x223 with id 255 and next node 0x224 0x00ff_00224c00ff00223c
2023-04-20 11:55:16.088003 INFO  BF_MC Write LAG node at addr 0x224 with id 255 and next node 0x225 0x0000_00000000ff00225c
2023-04-20 11:55:16.088011 INFO  BF_MC Write LAG node at addr 0x225 with id 255 and next node 0x226 0x00ff_00226c00ff00225c
2023-04-20 11:55:16.088019 INFO  BF_MC Write LAG node at addr 0x226 with id 255 and next node 0x227 0x0000_00000000ff00227c
2023-04-20 11:55:16.088026 INFO  BF_MC Write LAG node at addr 0x227 with id 255 and next node 0x228 0x00ff_00228c00ff00227c
2023-04-20 11:55:16.088034 INFO  BF_MC Write LAG node at addr 0x228 with id 255 and next node 0x229 0x0000_00000000ff00229c
2023-04-20 11:55:16.088042 INFO  BF_MC Write LAG node at addr 0x229 with id 255 and next node 0x22a 0x00ff_0022ac00ff00229c
2023-04-20 11:55:16.088050 INFO  BF_MC Write LAG node at addr 0x22a with id 255 and next node 0x22b 0x0000_00000000ff0022bc
2023-04-20 11:55:16.088058 INFO  BF_MC Write LAG node at addr 0x22b with id 255 and next node 0x22c 0x00ff_0022cc00ff0022bc
2023-04-20 11:55:16.088066 INFO  BF_MC Write LAG node at addr 0x22c with id 255 and next node 0x22d 0x0000_00000000ff0022dc
2023-04-20 11:55:16.088074 INFO  BF_MC Write LAG node at addr 0x22d with id 255 and next node 0x22e 0x00ff_0022ec00ff0022dc
2023-04-20 11:55:16.088082 INFO  BF_MC Write LAG node at addr 0x22e with id 255 and next node 0x22f 0x0000_00000000ff0022fc
2023-04-20 11:55:16.088090 INFO  BF_MC Write LAG node at addr 0x22f with id 255 and next node 0x230 0x00ff_00230c00ff0022fc
2023-04-20 11:55:16.088098 INFO  BF_MC Write LAG node at addr 0x230 with id 255 and next node 0x231 0x0000_00000000ff00231c
2023-04-20 11:55:16.088106 INFO  BF_MC Write LAG node at addr 0x231 with id 255 and next node 0x232 0x00ff_00232c00ff00231c
2023-04-20 11:55:16.088113 INFO  BF_MC Write LAG node at addr 0x232 with id 255 and next node 0x233 0x0000_00000000ff00233c
2023-04-20 11:55:16.088121 INFO  BF_MC Write LAG node at addr 0x233 with id 255 and next node 0x234 0x00ff_00234c00ff00233c
2023-04-20 11:55:16.088129 INFO  BF_MC Write LAG node at addr 0x234 with id 255 and next node 0x235 0x0000_00000000ff00235c
2023-04-20 11:55:16.088137 INFO  BF_MC Write LAG node at addr 0x235 with id 255 and next node 0x236 0x00ff_00236c00ff00235c
2023-04-20 11:55:16.088145 INFO  BF_MC Write LAG node at addr 0x236 with id 255 and next node 0x237 0x0000_00000000ff00237c
2023-04-20 11:55:16.088153 INFO  BF_MC Write LAG node at addr 0x237 with id 255 and next node 0x238 0x00ff_00238c00ff00237c
2023-04-20 11:55:16.088161 INFO  BF_MC Write LAG node at addr 0x238 with id 255 and next node 0x239 0x0000_00000000ff00239c
2023-04-20 11:55:16.088169 INFO  BF_MC Write LAG node at addr 0x239 with id 255 and next node 0x23a 0x00ff_0023ac00ff00239c
2023-04-20 11:55:16.088180 INFO  BF_MC Write LAG node at addr 0x23a with id 255 and next node 0x23b 0x0000_00000000ff0023bc
2023-04-20 11:55:16.088188 INFO  BF_MC Write LAG node at addr 0x23b with id 255 and next node 0x23c 0x00ff_0023cc00ff0023bc
2023-04-20 11:55:16.088196 INFO  BF_MC Write LAG node at addr 0x23c with id 255 and next node 0x23d 0x0000_00000000ff0023dc
2023-04-20 11:55:16.088204 INFO  BF_MC Write LAG node at addr 0x23d with id 255 and next node 0x23e 0x00ff_0023ec00ff0023dc
2023-04-20 11:55:16.088229 INFO  BF_MC Write LAG node at addr 0x23e with id 255 and next node 0x23f 0x0000_00000000ff0023fc
2023-04-20 11:55:16.088238 INFO  BF_MC Write LAG node at addr 0x23f with id 255 and next node 0x240 0x00ff_00240c00ff0023fc
2023-04-20 11:55:16.088247 INFO  BF_MC Write LAG node at addr 0x240 with id 255 and next node 0x241 0x0000_00000000ff00241c
2023-04-20 11:55:16.088255 INFO  BF_MC Write LAG node at addr 0x241 with id 255 and next node 0x242 0x00ff_00242c00ff00241c
2023-04-20 11:55:16.088263 INFO  BF_MC Write LAG node at addr 0x242 with id 255 and next node 0x243 0x0000_00000000ff00243c
2023-04-20 11:55:16.088272 INFO  BF_MC Write LAG node at addr 0x243 with id 255 and next node 0x244 0x00ff_00244c00ff00243c
2023-04-20 11:55:16.088280 INFO  BF_MC Write LAG node at addr 0x244 with id 255 and next node 0x245 0x0000_00000000ff00245c
2023-04-20 11:55:16.088288 INFO  BF_MC Write LAG node at addr 0x245 with id 255 and next node 0x246 0x00ff_00246c00ff00245c
2023-04-20 11:55:16.088297 INFO  BF_MC Write LAG node at addr 0x246 with id 255 and next node 0x247 0x0000_00000000ff00247c
2023-04-20 11:55:16.088305 INFO  BF_MC Write LAG node at addr 0x247 with id 255 and next node 0x248 0x00ff_00248c00ff00247c
2023-04-20 11:55:16.088313 INFO  BF_MC Write LAG node at addr 0x248 with id 255 and next node 0x249 0x0000_00000000ff00249c
2023-04-20 11:55:16.088321 INFO  BF_MC Write LAG node at addr 0x249 with id 255 and next node 0x24a 0x00ff_0024ac00ff00249c
2023-04-20 11:55:16.088330 INFO  BF_MC Write LAG node at addr 0x24a with id 255 and next node 0x24b 0x0000_00000000ff0024bc
2023-04-20 11:55:16.088338 INFO  BF_MC Write LAG node at addr 0x24b with id 255 and next node 0x24c 0x00ff_0024cc00ff0024bc
2023-04-20 11:55:16.088346 INFO  BF_MC Write LAG node at addr 0x24c with id 255 and next node 0x24d 0x0000_00000000ff0024dc
2023-04-20 11:55:16.088354 INFO  BF_MC Write LAG node at addr 0x24d with id 255 and next node 0x24e 0x00ff_0024ec00ff0024dc
2023-04-20 11:55:16.088363 INFO  BF_MC Write LAG node at addr 0x24e with id 255 and next node 0x24f 0x0000_00000000ff0024fc
2023-04-20 11:55:16.088371 INFO  BF_MC Write LAG node at addr 0x24f with id 255 and next node 0x250 0x00ff_00250c00ff0024fc
2023-04-20 11:55:16.088379 INFO  BF_MC Write LAG node at addr 0x250 with id 255 and next node 0x251 0x0000_00000000ff00251c
2023-04-20 11:55:16.088414 INFO  BF_MC Write LAG node at addr 0x251 with id 255 and next node 0x252 0x00ff_00252c00ff00251c
2023-04-20 11:55:16.088425 INFO  BF_MC Write LAG node at addr 0x252 with id 255 and next node 0x253 0x0000_00000000ff00253c
2023-04-20 11:55:16.088434 INFO  BF_MC Write LAG node at addr 0x253 with id 255 and next node 0x254 0x00ff_00254c00ff00253c
2023-04-20 11:55:16.088442 INFO  BF_MC Write LAG node at addr 0x254 with id 255 and next node 0x255 0x0000_00000000ff00255c
2023-04-20 11:55:16.088451 INFO  BF_MC Write LAG node at addr 0x255 with id 255 and next node 0x256 0x00ff_00256c00ff00255c
2023-04-20 11:55:16.088460 INFO  BF_MC Write LAG node at addr 0x256 with id 255 and next node 0x257 0x0000_00000000ff00257c
2023-04-20 11:55:16.088469 INFO  BF_MC Write LAG node at addr 0x257 with id 255 and next node 0x258 0x00ff_00258c00ff00257c
2023-04-20 11:55:16.088478 INFO  BF_MC Write LAG node at addr 0x258 with id 255 and next node 0x259 0x0000_00000000ff00259c
2023-04-20 11:55:16.088487 INFO  BF_MC Write LAG node at addr 0x259 with id 255 and next node 0x25a 0x00ff_0025ac00ff00259c
2023-04-20 11:55:16.088495 INFO  BF_MC Write LAG node at addr 0x25a with id 255 and next node 0x25b 0x0000_00000000ff0025bc
2023-04-20 11:55:16.088508 INFO  BF_MC Write LAG node at addr 0x25b with id 255 and next node 0x25c 0x00ff_0025cc00ff0025bc
2023-04-20 11:55:16.088517 INFO  BF_MC Write LAG node at addr 0x25c with id 255 and next node 0x25d 0x0000_00000000ff0025dc
2023-04-20 11:55:16.088526 INFO  BF_MC Write LAG node at addr 0x25d with id 255 and next node 0x25e 0x00ff_0025ec00ff0025dc
2023-04-20 11:55:16.088535 INFO  BF_MC Write LAG node at addr 0x25e with id 255 and next node 0x25f 0x0000_00000000ff0025fc
2023-04-20 11:55:16.088544 INFO  BF_MC Write LAG node at addr 0x25f with id 255 and next node 0x260 0x00ff_00260c00ff0025fc
2023-04-20 11:55:16.088552 INFO  BF_MC Write LAG node at addr 0x260 with id 255 and next node 0x261 0x0000_00000000ff00261c
2023-04-20 11:55:16.088561 INFO  BF_MC Write LAG node at addr 0x261 with id 255 and next node 0x262 0x00ff_00262c00ff00261c
2023-04-20 11:55:16.088570 INFO  BF_MC Write LAG node at addr 0x262 with id 255 and next node 0x263 0x0000_00000000ff00263c
2023-04-20 11:55:16.088579 INFO  BF_MC Write LAG node at addr 0x263 with id 255 and next node 0x264 0x00ff_00264c00ff00263c
2023-04-20 11:55:16.088587 INFO  BF_MC Write LAG node at addr 0x264 with id 255 and next node 0x265 0x0000_00000000ff00265c
2023-04-20 11:55:16.088596 INFO  BF_MC Write LAG node at addr 0x265 with id 255 and next node 0x266 0x00ff_00266c00ff00265c
2023-04-20 11:55:16.088605 INFO  BF_MC Write LAG node at addr 0x266 with id 255 and next node 0x267 0x0000_00000000ff00267c
2023-04-20 11:55:16.088614 INFO  BF_MC Write LAG node at addr 0x267 with id 255 and next node 0x268 0x00ff_00268c00ff00267c
2023-04-20 11:55:16.088622 INFO  BF_MC Write LAG node at addr 0x268 with id 255 and next node 0x269 0x0000_00000000ff00269c
2023-04-20 11:55:16.088631 INFO  BF_MC Write LAG node at addr 0x269 with id 255 and next node 0x26a 0x00ff_0026ac00ff00269c
2023-04-20 11:55:16.088640 INFO  BF_MC Write LAG node at addr 0x26a with id 255 and next node 0x26b 0x0000_00000000ff0026bc
2023-04-20 11:55:16.088648 INFO  BF_MC Write LAG node at addr 0x26b with id 255 and next node 0x26c 0x00ff_0026cc00ff0026bc
2023-04-20 11:55:16.088657 INFO  BF_MC Write LAG node at addr 0x26c with id 255 and next node 0x26d 0x0000_00000000ff0026dc
2023-04-20 11:55:16.088666 INFO  BF_MC Write LAG node at addr 0x26d with id 255 and next node 0x26e 0x00ff_0026ec00ff0026dc
2023-04-20 11:55:16.088675 INFO  BF_MC Write LAG node at addr 0x26e with id 255 and next node 0x26f 0x0000_00000000ff0026fc
2023-04-20 11:55:16.088684 INFO  BF_MC Write LAG node at addr 0x26f with id 255 and next node 0x270 0x00ff_00270c00ff0026fc
2023-04-20 11:55:16.088708 INFO  BF_MC Write LAG node at addr 0x270 with id 255 and next node 0x271 0x0000_00000000ff00271c
2023-04-20 11:55:16.088716 INFO  BF_MC Write LAG node at addr 0x271 with id 255 and next node 0x272 0x00ff_00272c00ff00271c
2023-04-20 11:55:16.088725 INFO  BF_MC Write LAG node at addr 0x272 with id 255 and next node 0x273 0x0000_00000000ff00273c
2023-04-20 11:55:16.088733 INFO  BF_MC Write LAG node at addr 0x273 with id 255 and next node 0x274 0x00ff_00274c00ff00273c
